1.000000000000000000e+00 1.000000000000000000e+00 1.000000000000000000e+00 1.000000000000000000e+00 1.000000000000000000e+00 1.000000000000000000e+00 1.000000000000000000e+00 1.000000000000000000e+00 1.000000000000000000e+00 1.000000000000000000e+00 9.998980177066791875e-01 9.960385217436897864e-01 9.876275042351216893e-01 9.774947471765438323e-01 9.694417495591702849e-01 9.639825820876657403e-01 9.610046430220728908e-01 9.604878081429509828e-01 9.610359988911688633e-01 9.600547182423911918e-01 9.570505569105909327e-01 9.531402251797648217e-01 9.499406310053322144e-01 9.485599844507173195e-01 9.490755563527936145e-01 9.508037003186402547e-01 9.528774859553529319e-01 9.546485883432249686e-01 9.558476025656490460e-01 9.565790950665475911e-01 9.571668866104160456e-01 9.578968468848536588e-01 9.588434736853570506e-01 9.599098565520913784e-01 9.609746236194393054e-01 9.620051519750305591e-01 9.630661311190694684e-01 9.642316588948148803e-01 9.654808403459564925e-01 9.666736071621719883e-01 9.676011192332945043e-01 9.681639294130163220e-01 9.685229512969745214e-01 9.691181864663400702e-01 9.705180332806434551e-01 9.730826843066052723e-01 9.765656769161736861e-01 9.799477970894034939e-01 9.817955044321345914e-01 9.809924865881377576e-01 9.773015652160872424e-01 9.715361546379877034e-01 9.652992359536345379e-01 9.603249058922715964e-01 9.576248420794682970e-01 9.571242772072885430e-01 9.584635018336684631e-01 9.608819392812029125e-01 9.577544778735946895e-01 9.395645228697294682e-01 9.026219022528453317e-01 8.387743890154136794e-01 7.438428947237756272e-01 6.233098487879092930e-01 4.962080728456845780e-01 3.712074448004212268e-01 2.562140772948173217e-01 1.605584402899446483e-01 8.863152969434548445e-02 3.882680305884335381e-02 1.031681195106433011e-02 3.152718756245133239e-04 5.742591791576527283e-10 1.275257353322038802e-17 3.104431237278954580e-27 5.823285143819717266e-39 2.360471741809148273e-53 6.515450329866601059e-71 6.115402872616097899e-92 1.113275448641650846e-116 3.357791095613800868e-145 3.035193726756642403e-177 2.902092269338530919e-215 3.089293235560949336e-262 3.458459520888725809e-323 0.000000000000000000e+00 0.000000000000000000e+00 0.000000000000000000e+00 0.000000000000000000e+00 0.000000000000000000e+00
9.901556550670023160e-01 9.889556097335647777e-01 9.903676844297516491e-01 9.912073122557762961e-01 9.915860924152074540e-01 9.916680224327568682e-01 9.920269014858726919e-01 9.945439913287503764e-01 9.976965654575681297e-01 9.977282918822226732e-01 9.903845503242112436e-01 9.764481501034700806e-01 9.558277786416125021e-01 9.331612438338861004e-01 9.136355109369488359e-01 9.016311730261875601e-01 8.954062722096218785e-01 8.920626279492310795e-01 8.902275372321870606e-01 8.884011646642259175e-01 8.850034273881653979e-01 8.804965958140922311e-01 8.764345109884363882e-01 8.742144100394639850e-01 8.742809530703712362e-01 8.760998295857603813e-01 8.787194796464122826e-01 8.813178605243235930e-01 8.834434691085092384e-01 8.850277664958210444e-01 8.862820266775975897e-01 8.875108832796636538e-01 8.889077205937432336e-01 8.904853565541640537e-01 8.921714441779536875e-01 8.939232566348378484e-01 8.957461770964161296e-01 8.976292783997933400e-01 8.994907550634746451e-01 9.011682222568913048e-01 9.025185453538315805e-01 9.035758689090161999e-01 9.046393139523623006e-01 9.062486390435139372e-01 9.089597082398530592e-01 9.129181162069560651e-01 9.174917875397290423e-01 9.213507810367175255e-01 9.229812851627305914e-01 9.213390705311045314e-01 9.163204874408765743e-01 9.088704282882316132e-01 9.007378201829440156e-01 8.938880483470775795e-01 8.900248411329383380e-01 8.912683508640647512e-01 8.981061261197208490e-01 9.082852686599478531e-01 9.157547669357948283e-01 9.112966607813267617e-01 8.895691743929466933e-01 8.463553086722904739e-01 7.816146515381036108e-01 6.887693530545535570e-01 5.756786085362561867e-01 4.563896539668148011e-01 3.419468556472035070e-01 2.395201612290852045e-01 1.552147786724022704e-01 8.940291989390272698e-02 4.154695509932056219e-02 1.192335183957134864e-02 1.602805013334278675e-03 1.464708359768741741e-09 1.015895024538815549e-17 5.414568776560916989e-28 1.598187801620200671e-40 1.836323655541202067e-55 6.838575112257074175e-73 5.302419411357002882e-93 3.560180563400164033e-116 5.537290026656865605e-143 2.494627823343523077e-174 9.203301154358132302e-212 5.405877797336932189e-258 4.545300187953841545e-318 0.000000000000000000e+00 0.000000000000000000e+00 0.000000000000000000e+00 0.000000000000000000e+00
9.441920438219227885e-01 9.411915433992211755e-01 9.419357500047648157e-01 9.441158826166342610e-01 9.468327804094076594e-01 9.503706389620297790e-01 9.570742437904885547e-01 9.663011274267013784e-01 9.762266334379805510e-01 9.812336721259524719e-01 9.728687578846975104e-01 9.484741085722048215e-01 9.144058659242334519e-01 8.772049153809565736e-01 8.421667991263267483e-01 8.150539472333554469e-01 7.999522128960667722e-01 7.938810127288978835e-01 7.901393636680484889e-01 7.874767100055646285e-01 7.836822456434404671e-01 7.787515793241132078e-01 7.741351770793676312e-01 7.713364197108618647e-01 7.710600606330485496e-01 7.729289423140996984e-01 7.759424855617720329e-01 7.791331588820846754e-01 7.819172969198450174e-01 7.841248598739861686e-01 7.858935293169456715e-01 7.875198304241590730e-01 7.892693103120463904e-01 7.912355623196741794e-01 7.933868152340868285e-01 7.956730527311499657e-01 7.980546140146557166e-01 8.004635007815292802e-01 8.027823296494447369e-01 8.048298566942309051e-01 8.065200470980601333e-01 8.079722024458881879e-01 8.095817099654237792e-01 8.119581844480571187e-01 8.156320454350971527e-01 8.205744626698066035e-01 8.258973478903315346e-01 8.300871765498351040e-01 8.315866549601780289e-01 8.293521973305699735e-01 8.233450714684412697e-01 8.147038355709127488e-01 8.060785497736588923e-01 8.026510638082954285e-01 8.061230452016667769e-01 8.158687301817851845e-01 8.319168105555612147e-01 8.524111723690620535e-01 8.708795216263247596e-01 8.767062309589951363e-01 8.674269687206376256e-01 8.421589114151212252e-01 7.997745724047178317e-01 7.385880381279210649e-01 6.556177080554363990e-01 5.515847192858880366e-01 4.396275924995270423e-01 3.328463488723314434e-01 2.380406110964535804e-01 1.570243799368794824e-01 9.209981564451953651e-02 4.397507342045479939e-02 1.473071227936141765e-02 2.960358386299791374e-03 2.481377424146666390e-09 1.432297928331566187e-17 8.175036977993560957e-28 4.019408517637363856e-40 1.242282908620393120e-54 1.328268466459782356e-71 2.300560107541865292e-91 3.066614655892581189e-114 1.048640824187476448e-140 1.352995619167442383e-171 1.890071677919203770e-208 5.168685485162894125e-254 2.343632557488264864e-313 0.000000000000000000e+00 0.000000000000000000e+00 0.000000000000000000e+00
8.627056337365663907e-01 8.591499443069752218e-01 8.591190133854867961e-01 8.613916817342039955e-01 8.677446037207355856e-01 8.765870633743493290e-01 8.910870009536767666e-01 9.115027381287766906e-01 9.327398879447114100e-01 9.452498404734416271e-01 9.405778207334879459e-01 9.145769696452703545e-01 8.697252441197158568e-01 8.151493195707411044e-01 7.625942502012118540e-01 7.173189641848324305e-01 6.849725703659984566e-01 6.686730720116055293e-01 6.627756994497854270e-01 6.588447745979034709e-01 6.542679776415791792e-01 6.488616944596716785e-01 6.438960857003978022e-01 6.408157040778111879e-01 6.403735097139261478e-01 6.422991286202736072e-01 6.455942645172434435e-01 6.491855725417288170e-01 6.523985226987211172e-01 6.550336120109702120e-01 6.572191823235569164e-01 6.592334824119745473e-01 6.613387232021310513e-01 6.636585978668796404e-01 6.661880675635204474e-01 6.688756855574983229e-01 6.716629414739289095e-01 6.744686803324200230e-01 6.771591453883434308e-01 6.795634869381785848e-01 6.816109819961542193e-01 6.834545336879872535e-01 6.855381569552074783e-01 6.884959100928492726e-01 6.928180811892989954e-01 6.983753994270767151e-01 7.041984716187428273e-01 7.087070422337438114e-01 7.102329251547961908e-01 7.076442917225481688e-01 7.016898582529236261e-01 6.974423194512870960e-01 6.980645102655801404e-01 7.056462464099321208e-01 7.200270893118182469e-01 7.420457848418769986e-01 7.687057106422356956e-01 7.947268172811601250e-01 8.162949280657619822e-01 8.294255314258255352e-01 8.298051304946300055e-01 8.187524466100144505e-01 7.975482714047520405e-01 7.617484779085118562e-01 7.090258062646894732e-01 6.369461292288352006e-01 5.462803127656430391e-01 4.414172801712458183e-01 3.376387794676054543e-01 2.429657994104292007e-01 1.612034741497335444e-01 9.506394730703987550e-02 4.670698047094284239e-02 1.693577600930691943e-02 3.162108731539808610e-03 2.950494976797251037e-09 2.107836039307767763e-17 2.019037033714203519e-27 2.020102659835221846e-39 1.273188584755315204e-53 2.576265595494933465e-70 8.245053936131047102e-90 2.254151565270364280e-112 2.053865026685410298e-138 9.096630604344750090e-169 5.103077711725093243e-205 5.689053539884326673e-250 2.161184120876677551e-308 0.000000000000000000e+00 0.000000000000000000e+00
7.454682827168912507e-01 7.425798143873924007e-01 7.420650613266900342e-01 7.437252773330123023e-01 7.524111518056866288e-01 7.681205314652309601e-01 7.939706392445342598e-01 8.289764121411427045e-01 8.652439986502228342e-01 8.909876113426772326e-01 8.963646233713659095e-01 8.744133180001868455e-01 8.242647811740783093e-01 7.536392062406834791e-01 6.791947864934788637e-01 6.143019886156432241e-01 5.631973318876057899e-01 5.293195207296259586e-01 5.120019568224826179e-01 5.039564240890888058e-01 4.986443564780184690e-01 4.926034549259836193e-01 4.872390742942694364e-01 4.840098395652359109e-01 4.836497864397739654e-01 4.858466346142725212e-01 4.894754594131096592e-01 4.933171456018242140e-01 4.966724506074473022e-01 4.994094101018282661e-01 5.017220834820829145e-01 5.039052572462332513e-01 5.062046351770560504e-01 5.087221396799213036e-01 5.114361872552362076e-01 5.142910645784765089e-01 5.172409413717492521e-01 5.202284375988174281e-01 5.231304448717387645e-01 5.257624646795433510e-01 5.280097424181292576e-01 5.299957244090677255e-01 5.321841328849994390e-01 5.352472747602153857e-01 5.397736804862229842e-01 5.456728498717793308e-01 5.519741781723478402e-01 5.570182688106557478e-01 5.591961700817490444e-01 5.606115320440026029e-01 5.646200714052937997e-01 5.724622674883874662e-01 5.868226644821358251e-01 6.089918150230699823e-01 6.386718263328069467e-01 6.742272652554671675e-01 7.089080757728989379e-01 7.368043846688270282e-01 7.541097462107790861e-01 7.650170141547461000e-01 7.721156196128792226e-01 7.724479497043903464e-01 7.665983302734589167e-01 7.541343626917349496e-01 7.319163530035780463e-01 6.939418909528446422e-01 6.351601187328338449e-01 5.542454270741085098e-01 4.537333883728064121e-01 3.496151274870135106e-01 2.519269798770217839e-01 1.669376079753541742e-01 9.921304533815400450e-02 4.954091798316113959e-02 1.777430770914845484e-02 2.910542220045724601e-03 3.626788364086738941e-09 4.007406278200463323e-17 6.721744181183717186e-27 1.190461859955702278e-38 1.295587123368279622e-52 4.670662312027936532e-69 3.117608269035557411e-88 2.325799555566905216e-110 7.709780488878873628e-136 1.420992544201169406e-165 3.387929040902895344e-201 3.532140996145073286e-245 6.169868462069899735e-301 0.000000000000000000e+00
5.894177254653760745e-01 5.881689708201415234e-01 5.877339570151481896e-01 5.903470649904684064e-01 5.999137110859454891e-01 6.231045855784625997e-01 6.610514052748044378e-01 7.129921691749995238e-01 7.696357533368818338e-01 8.154034297060961389e-01 8.380736570576725608e-01 8.282864739112568708e-01 7.802462212947206543e-01 7.010643037691290935e-01 6.095101500924133830e-01 5.247539618296519492e-01 4.536497772902497450e-01 3.991399359124704893e-01 3.630023781974369146e-01 3.422681187884821785e-01 3.329024452343277707e-01 3.277357457622951942e-01 3.229998265534163027e-01 3.200619313152144318e-01 3.196401911300502108e-01 3.214767384504409464e-01 3.246194542712916853e-01 3.280446424574535724e-01 3.311089741286515342e-01 3.336221745337031863e-01 3.357066489267842568e-01 3.376277753852252039e-01 3.396356359848552997e-01 3.418482023369893708e-01 3.442606686760531498e-01 3.468239679918713181e-01 3.494822963702787777e-01 3.521582527423735565e-01 3.547242674267078733e-01 3.570173935587278580e-01 3.589701795268818718e-01 3.607284557951976889e-01 3.627156991516251594e-01 3.655366401242264307e-01 3.696588933200725680e-01 3.749591837998543231e-01 3.805138269155766695e-01 3.860731079617807371e-01 3.953098568963389070e-01 4.102080253014289690e-01 4.319238361857786201e-01 4.590391637348595899e-01 4.935989051567394870e-01 5.352672256713377763e-01 5.816743760247116146e-01 6.302567307777497962e-01 6.672109870757426675e-01 6.869735568464824249e-01 6.922288815712021037e-01 6.879868398707145172e-01 6.872990904621599784e-01 6.914067623346753511e-01 7.004539901991918560e-01 7.121326616320305947e-01 7.208375917641764996e-01 7.203220496697747555e-01 6.967005610826496609e-01 6.476963937111452907e-01 5.721658938910801906e-01 4.738960980016370117e-01 3.664724093763414015e-01 2.627126127454020299e-01 1.747876605245955728e-01 1.041488474886749921e-01 5.155008169898386144e-02 1.803583585419170701e-02 2.951100993884279034e-03 5.555288749956236529e-09 9.516512792919174736e-17 2.543852403014853273e-26 7.279929132579591634e-38 1.370084109253834186e-51 1.033150831786118199e-67 2.001194452102993440e-86 5.829592095327755991e-108 8.541287807588532880e-133 7.235599188758338499e-162 1.879710200806890326e-196 1.530296668771640689e-237 7.505075562314149885e-289
4.105822762355925137e-01 4.118318899700949554e-01 4.127711065677984181e-01 4.160274756757477710e-01 4.267249329109348288e-01 4.549770596522914601e-01 5.035164775007726634e-01 5.718371024815466219e-01 6.527812567465228755e-01 7.242234721391537233e-01 7.703487948605367563e-01 7.829793948802260539e-01 7.532972187749380488e-01 6.809031471529296553e-01 5.827195756265277637e-01 4.812746785495554680e-01 3.899929055485084617e-01 3.157005257805825527e-01 2.595247059850502858e-01 2.208725343970167898e-01 1.966862732177415418e-01 1.872807189139707729e-01 1.832258287063022739e-01 1.807865929826369955e-01 1.805457343346798527e-01 1.821745439197439420e-01 1.848009745689311312e-01 1.875817815828963731e-01 1.900082758698435070e-01 1.919322605371451551e-01 1.934737309098930880e-01 1.948911212447129726e-01 1.964158671070024287e-01 1.981295390580883609e-01 2.000044471394761825e-01 2.019970000050888004e-01 2.040726315903031163e-01 2.061720784924135352e-01 2.081930361194801737e-01 2.099775427119174864e-01 2.114506152860400057e-01 2.127162302662481685e-01 2.141189846125061969e-01 2.161901847648262098e-01 2.193921196828002296e-01 2.237001024825739648e-01 2.308884804707475313e-01 2.449271133743852191e-01 2.704435448102956441e-01 3.051987371554719664e-01 3.479633226052684103e-01 3.974765627518158095e-01 4.537100270261458790e-01 5.145932744862027342e-01 5.766246946383282168e-01 6.271626106630149300e-01 6.550047003506287435e-01 6.580070805151048141e-01 6.426093340219475314e-01 6.144776079906121291e-01 5.863220085017886163e-01 5.753865403143713086e-01 5.888383232059525296e-01 6.217812671074353092e-01 6.594365085750085731e-01 6.943989359609454848e-01 7.106580585120808591e-01 6.988022101157047583e-01 6.575508373795710959e-01 5.864727062498397148e-01 4.905563865812576085e-01 3.786530870259479098e-01 2.717328728143434957e-01 1.805881012908243655e-01 1.069422939935790462e-01 5.261948661916744652e-02 1.861158221804607577e-02 3.215726651865398814e-03 9.539894856948335469e-09 2.432976628127526386e-16 1.006630300157063877e-25 4.866588027153848767e-37 1.877440733946622429e-50 4.025778471752494311e-66 3.070889378356979800e-84 4.051667638905779544e-105 2.639106727295325812e-129 2.306796943729762629e-157 3.718934567691584975e-189 3.869315715098708117e-226
2.526591074734762521e-01 2.553033652282821753e-01 2.563153124646423420e-01 2.582617977576011636e-01 2.691176027972095874e-01 2.984920945273460413e-01 3.525040757845985251e-01 4.305983146285237151e-01 5.255665282089749812e-01 6.227208994072234161e-01 6.972065855641550458e-01 7.369093035069266273e-01 7.355519430394441560e-01 6.885505063449498531e-01 6.023339010821916473e-01 4.941925150537487266e-01 3.870277328813228057e-01 2.936964837172750808e-01 2.185072618443309744e-01 1.592090892602126551e-01 1.160150470238495712e-01 9.061910827199569363e-02 8.232027262185041827e-02 8.057815468520224123e-02 8.062795406404762999e-02 8.198916674066007715e-02 8.394966314636877203e-02 8.589424209923129938e-02 8.748500723684864144e-02 8.867066534441690739e-02 8.960932986879013851e-02 9.052898283606429508e-02 9.157434938130475099e-02 9.275502220338471826e-02 9.401685819281281609e-02 9.532788140043092773e-02 9.669212048975847629e-02 9.810139777944930362e-02 9.949449159932255426e-02 1.007498762235465584e-01 1.017604324162656865e-01 1.025517133305759165e-01 1.033475755720989903e-01 1.045519648400067003e-01 1.065810012280362928e-01 1.125413242987472889e-01 1.290951345246197368e-01 1.605159958273126020e-01 2.061121950125004987e-01 2.628039816355653424e-01 3.289210805140664329e-01 4.011845719049161318e-01 4.774535007469747905e-01 5.510127188593045844e-01 6.151190768073754311e-01 6.517522499628836119e-01 6.559307256417959975e-01 6.335968513713098327e-01 5.896947302442721028e-01 5.343288403450042745e-01 4.800855341897904416e-01 4.488034758687068915e-01 4.499204477033726390e-01 4.860834570927224929e-01 5.491326351309567810e-01 6.151126430930931033e-01 6.696710459706037843e-01 7.003221139570473541e-01 6.987125271208609600e-01 6.635101833892225187e-01 5.964710731185127734e-01 5.008380601111953601e-01 3.867330541247789855e-01 2.773233322735214057e-01 1.834258440220898900e-01 1.087369218941457438e-01 5.399710238149656866e-02 1.960414766202069406e-02 3.502685275053007453e-03 1.695658685070087581e-08 6.484386753838381051e-16 4.433147844537841143e-25 4.197619876567362145e-36 4.235517713579361342e-49 3.302596663214694387e-64 1.090270471411881688e-81 6.222845030463228440e-102 3.594384242861009405e-125 1.187168025776285240e-150 6.265141397329456240e-179
1.306331751528763963e-01 1.336741480217219225e-01 1.338073407770656864e-01 1.330128231736172062e-01 1.410731899845026893e-01 1.700998003704960737e-01 2.226928474233309807e-01 3.016430847150449734e-01 4.041410660027808799e-01 5.171620785340053095e-01 6.163900648263964666e-01 6.872802251863043832e-01 7.173784099412409132e-01 7.031285596440532970e-01 6.461376438527657307e-01 5.562741998910571972e-01 4.439305924444065798e-01 3.355608160835795717e-01 2.411056834187603470e-01 1.611614190919165857e-01 9.749022796474610120e-02 5.310291374774214757e-02 2.893885454911231461e-02 2.242276960412416600e-02 2.250727017663079615e-02 2.352512428372574224e-02 2.474655748525004390e-02 2.578971412668374166e-02 2.649591815975405051e-02 2.692675788178191046e-02 2.727295957907982515e-02 2.770289683933389521e-02 2.826044791073518969e-02 2.888853377261937569e-02 2.951566794935408383e-02 3.012263596304102370e-02 3.074753910147824329e-02 3.143402004614331835e-02 3.216977193526907031e-02 3.287229632690511633e-02 3.341858907025561931e-02 3.375007707694942932e-02 3.396153644577690200e-02 3.431215899209848902e-02 3.806452785004048323e-02 5.465348638499206019e-02 8.839701186039443381e-02 1.397709464165939608e-01 2.065484288900547583e-01 2.860281124774928241e-01 3.747002119242174301e-01 4.654074751024834256e-01 5.508905479533346972e-01 6.169941787918166165e-01 6.602259117531952270e-01 6.752260767531265140e-01 6.536740548263404449e-01 6.014201153132092692e-01 5.290478403409610841e-01 4.475578665862886552e-01 3.728248758581314548e-01 3.256932646314464885e-01 3.146034524925462872e-01 3.416858033515234871e-01 4.049679467188074256e-01 4.929448961539944496e-01 5.830379073653975119e-01 6.523336058881640254e-01 6.925451074077746405e-01 6.986586290761678253e-01 6.695467494332110192e-01 6.042962996502362349e-01 5.073746897806830081e-01 3.915713597349029240e-01 2.807436830574847053e-01 1.858503391487391909e-01 1.110600751929843172e-01 5.582210183693438188e-02 2.061105847388867637e-02 3.695284937777729671e-03 3.113867194676130559e-08 1.895473122872700730e-15 2.387143380497549330e-24 5.274572872897545038e-35 1.707752293297206618e-47 5.403707922666183133e-62 7.390010021434291329e-79 3.245970354346496702e-98 4.787433828995440221e-119 1.781039488583622862e-141
4.851758568191860688e-02 5.094728819672285358e-02 5.029592363313165060e-02 4.877060046291221973e-02 5.212746475996549167e-02 7.553855400006961873e-02 1.220910541638176722e-01 1.935446328941647920e-01 2.915439526429667305e-01 4.074100916608279777e-01 5.258150778587166174e-01 6.241204043016246317e-01 6.890334997336392542e-01 7.120371216263646774e-01 6.923403681879320981e-01 6.350216301753532910e-01 5.462779471607612791e-01 4.332181680612492425e-01 3.214780516956973755e-01 2.216339647677805780e-01 1.385584773239495471e-01 7.560739628002986767e-02 3.305241066403005051e-02 9.924784069255803212e-03 3.067143691239233427e-03 2.686736836794407536e-03 2.971788350417843994e-03 3.151624451621223497e-03 3.210784300749676412e-03 3.216948931172093715e-03 3.242223148140880012e-03 3.316497748073434209e-03 3.428240991681659900e-03 3.547491553094044361e-03 3.649298467941299896e-03 3.729230397638310344e-03 3.805130431768721355e-03 3.903732305289054922e-03 4.037420840046304117e-03 4.185035810455930809e-03 4.300108616313538801e-03 4.347640418231187368e-03 4.326982737423369814e-03 7.767267884583935189e-03 2.410599328254764417e-02 5.842198195951449347e-02 1.113649554373393330e-01 1.819170931730649532e-01 2.698305202211815357e-01 3.687870483639704711e-01 4.726591912339194179e-01 5.668844386026877791e-01 6.360641732061790288e-01 6.788139797644504592e-01 6.940443311094276480e-01 6.799429512575441148e-01 6.317048300964674956e-01 5.540200470249129205e-01 4.577662552720097588e-01 3.542117471852657684e-01 2.701841548785592906e-01 2.148897112553204980e-01 1.944521746911207216e-01 2.134612114303159891e-01 2.699756507111834569e-01 3.589302535152130158e-01 4.621545334542074834e-01 5.638525365651130272e-01 6.427389467862997252e-01 6.896404332320371644e-01 7.018556367428755438e-01 6.747490064094076034e-01 6.090412130401696711e-01 5.116422879246831368e-01 3.954691736802222746e-01 2.842923124671852819e-01 1.891897603854473253e-01 1.138427614100294971e-01 5.771492881295779698e-02 2.153007349225707912e-02 3.854788900116634925e-03 5.949179224775473575e-08 6.285377302377174830e-15 1.645827425890930297e-23 1.030277925463294078e-33 1.281675537134946940e-45 1.646928336712771106e-59 1.523681882668267421e-75 1.148938724786517257e-92 7.599972685500208375e-111
7.357081540286768140e-03 8.224724356800102582e-03 7.165496459239203454e-03 6.548318311415527934e-03 6.844166630926354182e-03 1.994807469646009759e-02 5.448493136923781427e-02 1.132436893768148239e-01 1.963843280046959627e-01 3.032350997959538108e-01 4.233407241563513779e-01 5.430407431456235612e-01 6.385180626398724302e-01 7.000809648138687225e-01 7.207597865444071994e-01 7.029536605629931323e-01 6.460553747261553736e-01 5.553800147843135360e-01 4.387252875495161186e-01 3.242556705265758343e-01 2.228434398638441949e-01 1.409947743772366480e-01 7.927704973394603116e-02 3.645756170241838678e-02 1.161852214764611327e-02 1.874368547483288693e-03 1.995118687863690541e-08 3.398011076002450806e-14 8.728615172481931049e-17 1.598369613415977752e-16 2.949538412915410594e-16 5.466964595816232164e-16 1.006846686350762571e-15 1.822642044276113226e-15 3.229090685939455687e-15 5.623512825016237939e-15 9.731568649261875403e-15 1.687277865239266390e-14 2.962621076284943158e-14 5.362583790065301520e-14 1.207316671138231780e-13 4.787868019541435098e-08 4.490515635616147000e-03 2.233594535687973004e-02 5.795792768576853854e-02 1.128560038840178414e-01 1.858991284693138069e-01 2.762481190340345671e-01 3.816937689750086737e-01 4.913036313352414641e-01 5.880762542791834191e-01 6.596019221920212949e-01 6.996348667766529861e-01 7.093881631339413740e-01 6.895863390039729257e-01 6.426829238694775626e-01 5.694755106486311114e-01 4.739810383294825180e-01 3.675418300777172909e-01 2.643950894301780874e-01 1.797421082951058680e-01 1.220390018224314921e-01 9.771691644689460554e-02 1.104562934427305160e-01 1.607722567433814143e-01 2.387880566144847672e-01 3.354014055308476849e-01 4.449721222998789250e-01 5.535696961740840250e-01 6.384912669147909670e-01 6.913612866878944274e-01 7.042851185465651698e-01 6.780148626028448255e-01 6.128665536942652370e-01 5.160749108846869326e-01 4.001229173845731735e-01 2.887587770825016942e-01 1.930353391114149331e-01 1.168803913525903043e-01 5.977849360614508056e-02 2.264055788810881431e-02 4.136912730145049857e-03 1.167236660809274861e-07 2.385463304356751567e-14 1.610259852297005381e-22 3.823291526800341228e-32 1.978171953581802822e-43 1.410406548680837746e-56 1.321647469727620692e-70 1.769951339804324255e-85
8.284465704345327262e-13 7.343718555668231222e-13 5.662513935081645111e-13 2.450207835321441618e-11 8.813400897365488097e-07 2.845247084371135479e-03 2.061031074241104211e-02 6.060956199656637039e-02 1.241546060435957527e-01 2.097871122687816614e-01 3.156836118399494184e-01 4.352885405834434063e-01 5.546953848731378534e-01 6.481329544560152645e-01 7.086930337288566140e-01 7.297965020546759440e-01 7.105279339773913350e-01 6.521615196707399864e-01 5.609882485620084625e-01 4.455096946725775053e-01 3.332072339806916306e-01 2.341622466010351011e-01 1.531193804173842932e-01 9.059845390681653399e-02 4.556659681638967896e-02 1.745941704846135784e-02 3.849814004085024000e-03 2.544225142412985491e-07 3.933562776231814547e-12 2.301104085614365379e-17 4.156666615011162331e-23 2.508402252847249897e-29 4.600319941753973900e-31 1.517628053722158676e-30 4.811629675357197556e-30 1.487349757842326041e-29 4.591689810627204298e-29 1.563052970664561194e-28 5.770516011896572632e-21 1.424683964350660877e-13 1.790115872811506955e-07 5.005087075556100516e-03 2.499127850438212506e-02 6.243234641323956724e-02 1.190300776829061324e-01 1.940972418990984105e-01 2.872870985527057885e-01 3.946759224434401303e-01 5.067048611320974505e-01 6.034340555877344414e-01 6.725901587365272771e-01 7.095862544291988705e-01 7.143350053752569595e-01 6.863781587900632530e-01 6.305614619600032889e-01 5.516686449476970733e-01 4.557158343582260462e-01 3.575299034484530902e-01 2.624573796618889232e-01 1.762899286313442115e-01 1.052766455263001721e-01 5.631547907859214830e-02 3.363373932036266972e-02 4.213475224411931952e-02 8.141085474289640189e-02 1.424765070536126443e-01 2.233607540872042940e-01 3.235974424961474138e-01 4.367758254299892173e-01 5.503996808066087265e-01 6.386895044150935341e-01 6.928453351756593825e-01 7.065144652365890066e-01 6.814535550366536132e-01 6.174771141047694645e-01 5.215269742140804521e-01 4.055858600774084333e-01 2.939135669716416155e-01 1.974008152876585431e-01 1.203377622823348092e-01 6.222932736384399754e-02 2.408983390090674651e-02 4.592559946494344236e-03 2.498236913588876397e-07 1.250537634577677717e-13 3.347309205297191603e-21 3.413796232505412815e-30 7.164963172685252419e-41 2.516250464232928096e-52 1.557314143871665623e-64
3.312558595545171086e-24 2.109009028067764585e-24 2.567032852730036734e-24 2.465748729648471874e-19 1.445822093325277197e-11 2.058831801334519378e-05 5.286698069915002005e-03 2.599457211290326364e-02 6.785813527891587649e-02 1.319785943943777018e-01 2.167591430891512849e-01 3.204510101516467313e-01 4.376779423465094188e-01 5.561809013050746930e-01 6.494434725096558392e-01 7.088339576335364045e-01 7.288235723975167168e-01 7.093841077067754020e-01 6.530825598390057607e-01 5.661744844212166505e-01 4.576689128940011342e-01 3.497397921763473749e-01 2.517574603926073795e-01 1.696735865717824421e-01 1.044036168191897346e-01 5.556537200113596114e-02 2.301679479885357371e-02 5.089383913394650988e-03 8.076507537622754090e-06 1.153658247235059452e-09 7.479842296240900505e-14 1.794388735809402623e-18 1.133363977839731400e-23 1.307096632355725272e-29 2.968898637920912002e-36 1.905389137236994060e-36 1.427528964067679766e-27 2.321253873331053060e-19 2.246093582474675250e-12 1.162436021006675034e-06 5.030629245055530559e-03 2.654556128624634831e-02 6.634285792426307393e-02 1.250779511678948575e-01 2.018555177429433856e-01 2.973622573424540838e-01 4.066539118747032888e-01 5.192685663179325006e-01 6.139177630152440335e-01 6.797698911406233613e-01 7.121229765711957205e-01 7.106226550328376135e-01 6.739580688691948485e-01 6.091406449895441222e-01 5.217619065651355470e-01 4.219436535577366643e-01 3.246613431046501130e-01 2.380374655800342187e-01 1.629575375262669878e-01 1.001225990245665498e-01 5.232358875949073146e-02 2.111826370745685175e-02 5.213759218917950709e-03 7.739138493736167843e-03 3.064786291252366915e-02 7.237108587991855635e-02 1.339911168087871973e-01 2.167799480077311491e-01 3.200548825981300305e-01 4.357544655711282355e-01 5.503518878808602022e-01 6.397451371267490750e-01 6.949593535487158524e-01 7.097225653111760568e-01 6.858581790868785166e-01 6.229233633242124979e-01 5.277015628839828443e-01 4.117103633023905807e-01 2.995644409473475767e-01 2.021275999008951829e-01 1.240514685190001604e-01 6.481856492297793926e-02 2.552314644572077976e-02 4.941358970293474769e-03 7.879664928913811715e-07 1.695980126233449563e-12 1.864415645045071449e-19 4.906036034940724573e-28 2.130543482146244091e-37 1.962242928777878866e-47
1.983500419060780993e-33 1.182027278506680848e-33 9.833605907616270332e-35 7.213591852723588131e-28 2.548400296842052615e-18 1.299843272773599893e-10 1.285906591158145402e-04 5.516907007361960581e-03 2.772934553089990636e-02 7.001054764246779361e-02 1.334027210201568781e-01 2.163690581377263611e-01 3.183722060872757886e-01 4.335162727804278693e-01 5.505014382976644027e-01 6.420023117837484472e-01 7.002973150720017692e-01 7.209116825737961198e-01 7.055135760366478825e-01 6.568247393691295510e-01 5.780495913182385204e-01 4.776016657525704590e-01 3.722547880940382248e-01 2.730872279788440493e-01 1.876835282297966145e-01 1.179796317949404483e-01 6.576088646709479790e-02 2.894616850670627892e-02 7.173335981917401856e-03 2.339928895528661605e-04 4.062925330072743163e-07 1.732427963756527267e-10 1.620598148997934805e-14 2.542127838335719787e-19 9.435759664842841482e-25 1.093525484830172834e-24 1.449770718432413050e-17 5.374314773407103098e-11 1.324799137092385701e-05 5.134669928519425101e-03 2.705706952814637342e-02 6.856438522655322609e-02 1.297236973568964002e-01 2.089442894790568828e-01 3.065307405435676591e-01 4.179346947544529955e-01 5.319120338248577440e-01 6.246024817962150255e-01 6.869963970063638348e-01 7.133483425490875218e-01 7.043206031841793280e-01 6.616804333155695828e-01 5.876934094244846696e-01 4.905213224998364874e-01 3.867077729803174435e-01 2.905601351401388421e-01 2.076669685890335237e-01 1.384126244811969553e-01 8.427327393726427585e-02 4.360242322813875221e-02 1.699233237062488730e-02 4.143182173568814297e-03 2.925205234260784182e-05 9.655437857165835331e-05 5.509048979289643197e-03 2.765262281164704641e-02 6.976700441411126663e-02 1.329184665616110761e-01 2.159087554406195764e-01 3.194313629208245797e-01 4.356220693461982929e-01 5.510424112773343319e-01 6.413587360562429396e-01 6.976089926687901732e-01 7.134879193864877012e-01 6.907124496659841073e-01 6.286749486746329163e-01 5.341951721028447286e-01 4.182881054748202598e-01 3.054259766205172366e-01 2.068482981442579249e-01 1.275583691323365909e-01 6.707841740654345297e-02 2.657358023501217234e-02 5.087802547770505814e-03 7.147924123732800541e-06 5.696969219692394938e-11 9.790080962494381752e-18 1.839598225615702579e-25 9.711315162405452696e-34
1.207853286727901343e-44 7.168545372905151319e-45 3.348217527963212404e-46 7.157507621772711911e-39 1.866459285416548864e-27 4.968198975921331254e-18 1.979580428409198770e-10 1.685457445292357147e-04 5.470165343662863715e-03 2.755897125485971128e-02 6.969240751302827053e-02 1.324566994626754091e-01 2.137489064241308856e-01 3.125565918579426006e-01 4.243921721683818205e-01 5.382589454739578061e-01 6.278119717120894672e-01 6.874767771441895325e-01 7.133024595691592751e-01 7.059889362989250072e-01 6.661304616823972014e-01 5.963328154299607498e-01 5.033723863811432331e-01 3.971523161277139558e-01 2.962365840677816942e-01 2.086302463078716640e-01 1.355221620889822676e-01 7.895813351889184595e-02 3.831478697631381103e-02 1.369685688296022261e-02 3.278028476174886085e-03 4.070028828920042066e-05 3.238866723004425815e-08 4.914630141522107679e-12 2.253268893778886342e-16 1.645055021720753792e-15 1.169326679332574671e-09 1.681475311414337877e-04 6.117945001515827895e-03 2.838195470503106221e-02 7.019814981886360328e-02 1.322966736708336422e-01 2.139080289221982900e-01 3.138344684921124950e-01 4.273342969907937272e-01 5.428339847534922047e-01 6.344404278210561410e-01 6.945495157044084822e-01 7.170669100990202383e-01 7.022911702271863454e-01 6.520448744403881669e-01 5.710360830280477584e-01 4.670674319534476315e-01 3.592734208638961868e-01 2.620966280631663592e-01 1.805327591058119019e-01 1.147023656235327399e-01 6.588779897880603365e-02 3.164906472612492166e-02 1.056002250058991031e-02 1.707705380444202083e-03 5.484921427986983652e-06 1.508486821057265169e-09 5.899908780416816303e-11 6.387290900847100803e-05 5.254267205702699631e-03 2.726439947059162983e-02 6.935876141972190101e-02 1.326079116235904520e-01 2.155868065407534895e-01 3.191293592067762086e-01 4.356565601801510867e-01 5.518619841394953873e-01 6.427628580961669558e-01 6.997360621172705741e-01 7.166533931486470665e-01 6.950441246997620670e-01 6.340581427684437443e-01 5.405259050309864088e-01 4.245307226511372267e-01 3.109701700995824436e-01 2.110956958207274858e-01 1.305087821441500984e-01 6.937947500513474974e-02 2.807759142874511477e-02 5.973562710467095714e-03 1.215094918224243851e-04 1.271555725548077449e-09 4.375613812264725216e-16 4.968273428223632085e-23
2.622997765706936798e-60 1.556334335127977877e-60 7.109073091255087565e-62 1.293717280671329738e-52 5.546154359641633106e-39 1.408979002069119069e-27 2.923928129294934171e-18 9.061280694004520864e-11 6.730207715831311856e-05 5.256015165783369837e-03 2.722719538411294549e-02 6.861970075996808027e-02 1.291825460470393261e-01 2.071923056315239653e-01 3.019978867069363915e-01 4.095845139333235130e-01 5.192489586329865903e-01 6.099178638602016367e-01 6.750143569395601340e-01 7.092688087154344068e-01 7.109747628786228235e-01 6.802397761460629022e-01 6.180556271154323822e-01 5.313520870874959279e-01 4.250674175869297855e-01 3.224949999707773518e-01 2.327814824035119856e-01 1.567214259630139161e-01 9.638182373896762856e-02 5.310525653080227365e-02 2.465289804751475550e-02 8.535290040866930564e-03 9.072084676420943787e-04 9.064337543277244157e-07 2.074419557456213609e-10 1.742800983068860795e-08 1.260487607813923347e-03 9.647885557016719349e-03 3.325885180215253090e-02 7.516207496953160316e-02 1.364235492900316982e-01 2.183596971812991061e-01 3.193277206680600888e-01 4.333131801095020941e-01 5.495742695513911036e-01 6.413848365282640573e-01 7.002786939572398506e-01 7.204510635442881172e-01 7.029523179225740659e-01 6.474808508379457095e-01 5.604325042405197133e-01 4.504471667070673591e-01 3.407228987217030269e-01 2.418482156915773007e-01 1.601551040728265707e-01 9.638874250877765837e-02 5.072382888372282961e-02 2.111205221745835608e-02 5.545676896500056734e-03 8.670859656716710959e-05 1.890894331076432125e-07 5.228424711768367901e-11 1.941430511030515803e-15 9.618081992625700527e-19 2.132822995714611334e-11 4.248343819602833809e-05 5.160884056432593105e-03 2.710993093386463229e-02 6.916365081963656014e-02 1.323988244667600178e-01 2.153754735059565939e-01 3.189420964319057972e-01 4.353372632777394724e-01 5.516247453450209282e-01 6.430959338750724674e-01 7.010445879727208451e-01 7.190773465320280389e-01 6.989977279692097811e-01 6.392703648113903236e-01 5.466204925660491654e-01 4.300050031439464071e-01 3.164247812580431307e-01 2.163506555594395808e-01 1.352928419676748539e-01 7.368528297556820039e-02 3.186851683752416065e-02 8.897039652834122514e-03 1.249051427237947215e-03 1.117145905097576822e-08 1.270400754810183497e-14
1.816510835104309420e-64 2.176010703022120940e-64 1.621419305101616174e-64 5.594034207375821950e-65 2.662611399048061024e-53 9.575951007650407723e-40 1.663902086814052932e-28 2.923064233420362536e-19 9.190356986529604764e-12 8.130570267566196164e-06 5.079914880272684216e-03 2.650741005450088159e-02 6.563058156635603879e-02 1.226609423443101865e-01 1.965639278840697890e-01 2.866479621665786182e-01 3.899590919430271918e-01 4.969933832103144433e-01 5.928794638435431752e-01 6.661412633494211422e-01 7.091818439467445501e-01 7.195970989950992713e-01 6.942962739808343775e-01 6.401087495164752283e-01 5.579805444843397577e-01 4.547590341284537541e-01 3.525982475161747454e-01 2.622024741972903139e-01 1.845777974534794086e-01 1.212220513720667081e-01 7.212877968942153772e-02 3.665375460168636412e-02 1.307106884581466129e-02 3.086264652020711315e-03 5.238921790002554219e-06 3.539908564335580033e-03 1.525386591286978337e-02 4.162852521684412554e-02 8.539540105235228495e-02 1.473025518182160265e-01 2.277926879884323574e-01 3.269919020729312176e-01 4.388585733048904758e-01 5.536685813460883177e-01 6.446111340101200460e-01 7.030142686136504615e-01 7.221155667823648816e-01 7.029050582075647702e-01 6.451057113581534219e-01 5.547506790775110774e-01 4.406068531135801103e-01 3.284379753953968195e-01 2.281538157395718025e-01 1.464579690646777288e-01 8.421085158599643516e-02 4.031457526643662803e-02 1.397022371614065755e-02 2.579538087071667294e-03 1.282402617572623560e-06 7.383931320411101987e-10 1.734573701944515943e-13 7.404986159311781170e-18 3.983986608554559933e-23 3.067924610485660696e-28 1.364438885012060088e-19 9.478005913787200857e-12 1.850598114393838569e-05 5.088429041149570078e-03 2.700004480763019965e-02 6.903240362193788227e-02 1.322658719804725991e-01 2.152414785855638890e-01 3.179972606799807422e-01 4.337567672495190041e-01 5.502462546815531930e-01 6.428350880375307552e-01 7.022710778640225415e-01 7.218227218641172227e-01 7.031715477064311992e-01 6.444335805982007725e-01 5.528087493327337176e-01 4.371984084864005138e-01 3.239141939937981163e-01 2.241033633680580284e-01 1.428039164626677404e-01 8.032073201940877205e-02 3.802591102506022031e-02 1.308603562271503686e-02 3.087496930967958009e-03 5.031774462729335599e-08
4.662737312688980908e-41 5.888102097083164797e-41 4.737590631453730809e-41 2.205822670787561930e-41 1.209672623193303409e-41 1.824894457094410310e-41 7.746202801866469412e-41 5.628872035405107642e-30 1.022583820136449901e-20 4.068595970251575297e-13 5.690823752674397447e-07 5.004110960040743933e-03 2.443042801329550415e-02 6.008313373848894745e-02 1.130193280764897612e-01 1.825255158938104416e-01 2.683960262999720014e-01 3.689521756148232412e-01 4.765712086197268493e-01 5.797969735142433079e-01 6.588098793028001054e-01 7.069640272113385526e-01 7.231180834696274706e-01 7.058274413245770873e-01 6.563717928117901446e-01 5.794192610856128134e-01 4.839769355885798485e-01 3.895016433220717111e-01 2.973356766710386068e-01 2.146016084373154609e-01 1.436504267207115715e-01 8.584368436916771372e-02 4.207279141253177784e-02 1.490425704797252067e-02 7.135309927715235631e-03 1.904164470033248291e-02 4.900306155897103666e-02 9.642391322749303828e-02 1.615247429278084401e-01 2.429127507589824153e-01 3.411117792100020751e-01 4.504329631086475549e-01 5.593380174011878259e-01 6.460801659296717681e-01 7.020573006722857778e-01 7.208548209703501408e-01 7.005769679342277456e-01 6.414013111971655912e-01 5.496969495416968998e-01 4.341406586060506112e-01 3.205823681025758987e-01 2.201503926146035073e-01 1.381001962026589258e-01 7.595447777714149640e-02 3.336264422430974125e-02 9.433070076380497410e-03 1.144846217747624113e-03 3.690032642665585325e-08 8.600234826970683651e-13 2.304192203929990620e-17 3.241687892556502012e-22 1.271955251706415515e-27 7.659726317470031653e-34 5.764944508855470327e-40 1.104450039945050113e-29 3.734664992598427907e-20 2.841335080432692923e-12 5.458179644787372984e-06 5.045281388042924600e-03 2.693830402096583296e-02 6.896598244554381918e-02 1.319325981107792589e-01 2.140178087668189455e-01 3.158338608385662383e-01 4.313250259593896518e-01 5.488429648681423245e-01 6.427192028091267550e-01 7.038340531487405904e-01 7.249037742573342102e-01 7.066479984100099143e-01 6.500134422141884416e-01 5.606524842712573564e-01 4.470023181088277897e-01 3.335453856754502788e-01 2.326323770420533621e-01 1.507682045006022986e-01 8.870068011825760212e-02 4.464553948358526703e-02 1.634504144714936727e-02 3.076329476859045349e-03
7.060562680332537144e-21 8.850331754707602382e-21 7.270795033964831270e-21 3.879109018642436701e-21 2.260026279540893208e-21 2.503261636253448159e-21 4.055697835370195008e-21 6.189591048618449192e-21 8.506660321810185233e-21 1.120043547166870377e-20 1.385147023686008372e-14 4.789907061325773683e-08 4.339938829920932974e-03 2.065873569799097156e-02 5.250171394563280663e-02 1.013693658343293030e-01 1.671703325513570482e-01 2.504160734012516598e-01 3.500320296064087788e-01 4.580893473122309989e-01 5.641239872076541095e-01 6.461503057734236943e-01 6.972217028656539917e-01 7.156580361236893895e-01 7.018671175137489726e-01 6.593082044940652420e-01 5.948008390401720025e-01 5.118180666585071537e-01 4.166744495146516014e-01 3.221089092015933519e-01 2.328231536854221406e-01 1.519693715468929396e-01 8.578914866409580176e-02 4.163760522631112376e-02 3.024724261991675392e-02 5.225213578130954994e-02 1.029553339858965688e-01 1.727875789403461315e-01 2.584094878529751282e-01 3.592434055249091318e-01 4.671591734283923047e-01 5.703083545387553910e-01 6.502240707973538925e-01 6.992680591612636665e-01 7.148727253918347735e-01 6.933742230289655639e-01 6.340936088371494916e-01 5.425896813445952871e-01 4.267645655988101527e-01 3.135756015691447129e-01 2.143597482738449078e-01 1.337036455626364473e-01 7.172524493892755426e-02 2.962826800568857041e-02 6.933675199535017236e-03 5.625837408691473527e-04 5.515412468051440124e-09 7.509011612726960232e-15 4.898149853458973705e-21 2.228015634488438647e-27 6.192570857334913120e-34 8.303397888301250762e-41 5.202052295154846764e-48 1.328023938315038217e-47 6.071147009212018170e-42 1.778418764190451184e-30 7.763880680092760775e-21 6.466963152712341327e-13 1.380488927457499562e-06 5.028657566187322465e-03 2.691507276179595787e-02 6.857470496343676114e-02 1.306043319018953819e-01 2.117091940391468419e-01 3.133440781768149219e-01 4.290784574655329142e-01 5.472914430509042694e-01 6.423320987716780728e-01 7.038130878988605454e-01 7.256805164523381091e-01 7.089818476275948633e-01 6.552817916051595359e-01 5.681655364861670776e-01 4.561939071475868968e-01 3.428332665305511839e-01 2.408703616786172230e-01 1.610481198033401340e-01 9.845222714083042004e-02 5.104605460450863802e-02 1.745108794778875774e-02
3.091931743913438682e-03 3.729667643673354946e-03 3.016467452635004671e-03 1.717791873707644841e-03 1.063945020516753829e-03 1.016050681032496352e-03 1.294096884769629094e-03 1.579754558972120597e-03 1.751402730788363844e-03 1.809384189184672521e-03 1.777166064621736293e-03 1.683787478599326577e-03 1.562143178270989329e-03 4.430745908542511012e-03 1.740541171440987064e-02 4.567465568518266905e-02 9.145805640162095462e-02 1.552780598918969412e-01 2.378951169025282919e-01 3.331273401479351581e-01 4.392156359056791914e-01 5.435046886574790292e-01 6.212271028201704626e-01 6.711557252467612589e-01 6.917943352295009563e-01 6.846454638855389296e-01 6.528772829833306979e-01 5.961170685960524018e-01 5.183137390222618546e-01 4.215233892364296242e-01 3.212401087169909908e-01 2.254067474657292791e-01 1.417567901008637277e-01 8.977908250321225969e-02 7.939397372942498532e-02 1.096981440001681130e-01 1.770640704824801015e-01 2.680179571976152864e-01 3.748031638937985854e-01 4.853453333273617942e-01 5.842871450915039233e-01 6.584258506077238504e-01 7.003691821686962582e-01 7.081028321842417483e-01 6.823526294883028864e-01 6.219238501034476396e-01 5.305013866439954873e-01 4.172663156247778948e-01 3.061828308088450634e-01 2.082405730635450147e-01 1.293052358167123550e-01 6.890584546108324826e-02 2.782528689451015461e-02 5.744907085603165667e-03 1.912896185075880324e-04 1.006856752798695058e-09 3.777517341657783188e-16 1.712426250987923070e-23 3.834118922289127521e-31 6.854724618311956376e-31 2.272240594141496640e-30 7.222441003789157578e-30 2.209967586271445829e-29 6.540318399080443846e-29 1.878891392943049254e-28 5.257645035766090989e-28 1.448205827979847065e-27 1.484451045659977664e-21 1.484615360177537190e-13 3.737729726550833425e-07 5.024118624003087209e-03 2.663172019896596285e-02 6.736205101103695525e-02 1.286982880215458702e-01 2.097392330430151441e-01 3.114113155925964382e-01 4.268424034844867654e-01 5.447750624780675066e-01 6.388289072943729163e-01 6.995827813848427557e-01 7.228531570934185746e-01 7.092010314006685912e-01 6.571782838684823158e-01 5.722509074398893780e-01 4.637157975935493059e-01 3.505336114611468656e-01 2.527950485213772414e-01 1.751444365355992461e-01 1.133125745594186773e-01 6.250794956654717738e-02
2.439500949121710047e-02 2.459654785861766987e-02 2.184527702559529300e-02 1.884970067809364075e-02 1.607928193936007319e-02 1.460624859763345017e-02 1.479424208407999555e-02 1.579500257292376642e-02 1.679311577943764372e-02 1.729334406687910511e-02 1.726229601048883192e-02 1.686939219865261214e-02 1.633786082648163579e-02 1.591816806277986107e-02 1.772740372049994365e-02 2.817783616307429490e-02 5.477427473823365256e-02 1.002064737335306988e-01 1.631353649076043300e-01 2.410725906803420915e-01 3.319040075145308077e-01 4.282629970203938874e-01 5.196782471145829918e-01 5.923447208949887965e-01 6.427609179851689891e-01 6.693097417365667656e-01 6.731989044696451430e-01 6.481398003290284038e-01 5.944651116893121534e-01 5.154611527374614033e-01 4.187731753499795984e-01 3.131327995447537593e-01 2.229966056862349166e-01 1.717882509604989061e-01 1.633468424256910023e-01 1.989439435983907101e-01 2.757179253207128200e-01 3.821864819485752962e-01 4.968642445433728017e-01 5.937789578762192599e-01 6.654052984507724533e-01 7.042779989698876308e-01 7.049143579303277507e-01 6.718266472503309217e-01 6.071025479856816398e-01 5.153904042618391301e-01 4.044819253613350929e-01 2.965576680583059122e-01 2.019598198797209199e-01 1.245017395390154158e-01 6.572510326594563357e-02 2.640188090606318538e-02 5.201860945325024847e-03 3.517945943185372954e-05 1.191795041776535740e-10 7.432592612678933443e-16 1.282677197131655877e-15 2.273795839453409667e-15 3.982039832205108752e-15 6.861830072858963368e-15 1.162081720163042549e-14 1.935716298244398439e-14 3.177227185534742255e-14 5.145691942976227209e-14 8.217938280232849702e-14 1.290727098876506102e-13 1.989352334765272471e-13 3.022210635048357296e-13 4.625271745190656951e-13 7.964501823540947794e-13 1.277228709290151650e-07 5.009390116646872566e-03 2.575269964436846526e-02 6.596408275999295079e-02 1.274035550574248443e-01 2.086959560351817622e-01 3.086436893803161663e-01 4.220008850050626092e-01 5.377804829092220906e-01 6.293066404265935665e-01 6.906161562345236593e-01 7.161919335219629756e-01 7.043052181441108450e-01 6.524759923194831668e-01 5.680882891391290102e-01 4.644752148041271234e-01 3.644904326560672869e-01 2.782213342547271706e-01 2.070347064880885823e-01 1.454680237865554893e-01
8.058031704249814242e-02 8.062698795272028873e-02 7.737868736048947316e-02 7.284959878827217128e-02 6.813309987769232412e-02 6.555764109160036601e-02 6.477691844136078403e-02 6.572677669582799309e-02 6.722247747560272657e-02 6.825308523091488944e-02 6.841363795302986273e-02 6.789605571509146897e-02 6.713180317108154160e-02 6.661047045765201846e-02 6.680842255739381785e-02 6.918014213740446283e-02 7.919964870626589049e-02 1.060119747648044369e-01 1.496246803266983172e-01 2.071428505089781269e-01 2.769986520585627221e-01 3.542256610812766771e-01 4.342253466302363751e-01 5.133512030819823435e-01 5.861923797866510633e-01 6.395576974091522482e-01 6.721966387698490308e-01 6.778312956911147769e-01 6.512221493589255283e-01 5.942191994045147307e-01 5.124425934955763040e-01 4.138586889617190123e-01 3.291808288721889686e-01 2.803745380343800608e-01 2.753252813162022083e-01 3.142242063725711465e-01 3.948307776610244790e-01 4.988773137189425055e-01 5.932554850061645402e-01 6.626715012213413303e-01 7.002551063660126252e-01 6.991478047679801078e-01 6.622605661371716579e-01 5.925378955496681810e-01 4.981339568389523964e-01 3.890188180945666763e-01 2.840962950191709968e-01 1.934076788410087622e-01 1.191907930179815084e-01 6.230206576379589134e-02 2.454989543593021420e-02 4.992878084363614258e-03 7.800051118266095062e-05 8.408443487103458517e-05 1.013065599333061781e-04 1.241178182796086272e-04 1.507958779112462315e-04 1.801468292765077397e-04 2.113658105838748765e-04 2.438919103161624701e-04 2.774697661495934974e-04 3.122599975442327163e-04 3.487565479581360931e-04 3.873361271552609362e-04 4.274941749596309812e-04 4.672156239188326597e-04 5.032119074399999227e-04 5.324844462356559090e-04 5.549078801838612258e-04 5.754200403013613047e-04 6.043032720757297209e-04 6.528431756653096203e-04 5.363687807287378234e-03 2.568648501882338231e-02 6.618910148065364207e-02 1.273198351106246962e-01 2.067907241316091493e-01 3.029617859238442623e-01 4.124678583897973261e-01 5.241895446988271701e-01 6.149638086945445892e-01 6.752716641452817248e-01 6.974354642488592715e-01 6.829530221318000915e-01 6.329325246671657634e-01 5.582096533931579785e-01 4.760058728454819588e-01 3.941148971426728376e-01 3.218249190055255671e-01 2.586549030081496947e-01
1.770041411247208207e-01 1.763551921937110412e-01 1.729246245932528347e-01 1.678612436922859996e-01 1.620237466838075624e-01 1.586051642360082614e-01 1.568865991672490356e-01 1.576572040148032650e-01 1.594813908221718868e-01 1.609812698650736895e-01 1.613570171712903900e-01 1.607665211885501433e-01 1.598293688733304629e-01 1.592598713435461610e-01 1.597385676004376975e-01 1.617356156233121789e-01 1.657565764207016290e-01 1.765391124701808645e-01 2.019565384814888953e-01 2.394670216235197102e-01 2.879852300685439848e-01 3.430495042041414311e-01 4.039914740817578398e-01 4.715278738408325565e-01 5.422668246908424194e-01 6.080888679074135661e-01 6.633652461151268165e-01 6.952945335949775041e-01 6.952614612485026324e-01 6.621339069252277776e-01 6.013264946436396308e-01 5.232238375804707520e-01 4.500735956280806360e-01 4.073183902836107761e-01 4.061953213096988757e-01 4.438645886029033427e-01 5.166124918842420755e-01 5.977739807556988749e-01 6.603371884301575401e-01 6.939805118796102956e-01 6.926194164758435745e-01 6.548383282007302908e-01 5.825231248522731997e-01 4.843174131236583357e-01 3.785773805130606684e-01 2.766303996932966136e-01 1.894157282610040016e-01 1.189908828929677198e-01 6.534865917670611146e-02 2.935874821177629143e-02 1.107842700659155723e-02 6.783489838461823594e-03 6.776237118375856919e-03 6.828754527331695051e-03 6.928248568870789582e-03 7.064340277211284859e-03 7.227822146067577370e-03 7.410813737084353224e-03 7.607486129343495225e-03 7.814446056310795502e-03 8.030478706608621189e-03 8.255925511275958098e-03 8.491253793622005608e-03 8.734682235805655073e-03 8.979915507027712990e-03 9.215977574119715507e-03 9.431025302368873861e-03 9.620093571054073520e-03 9.794241685550320042e-03 9.983843377456710910e-03 1.022760248126537881e-02 1.054784638939768211e-02 1.093463250480988108e-02 1.561662397311487996e-02 3.659737751260624949e-02 7.696866783245734367e-02 1.359333744179748171e-01 2.115637600656403994e-01 3.028723081045305299e-01 4.066627157199012021e-01 5.105413618828813505e-01 5.959427866937810903e-01 6.507380342155741904e-01 6.714083590675028468e-01 6.607388730198154869e-01 6.251059089569316329e-01 5.757328833574619775e-01 5.125964674885192807e-01 4.486213737376156807e-01 3.912466287431087819e-01
3.115768728631523321e-01 3.101084163333520660e-01 3.061756335669713058e-01 3.007161084394063821e-01 2.949213468414449424e-01 2.909246787208114027e-01 2.893186952833733949e-01 2.898091209571668769e-01 2.916565509918586652e-01 2.933256353583713616e-01 2.938745320944719519e-01 2.933197852348269352e-01 2.923440864336205314e-01 2.918313905853844314e-01 2.926064383493856003e-01 2.952044654405467927e-01 2.996374616179099393e-01 3.053831672112531925e-01 3.163967302266830206e-01 3.357066679167413081e-01 3.647498772328444105e-01 3.998134360896782313e-01 4.404518558508604409e-01 4.902651798493808388e-01 5.463974761737451225e-01 6.078850225516551076e-01 6.706529575095373508e-01 7.171435895444128183e-01 7.359280161456037694e-01 7.251225436796608914e-01 6.900374426768000058e-01 6.351052409446563685e-01 5.795537370495434937e-01 5.476814857955933924e-01 5.478402342519421708e-01 5.783009658653526230e-01 6.324244294723018189e-01 6.821579974460058038e-01 7.103589954252524930e-01 7.077509838081832427e-01 6.723161611778560864e-01 6.015480162058334246e-01 5.021271582846741355e-01 3.983782530663630972e-01 3.022975885931399875e-01 2.181426738463939641e-01 1.512613447390904198e-01 1.014090623756640219e-01 6.857975490690988718e-02 5.153487720495690538e-02 4.765011637117737286e-02 4.745832587298479122e-02 4.742424472710834310e-02 4.751637090956453702e-02 4.770713043858790248e-02 4.797446875306267400e-02 4.830005910102668637e-02 4.866854439515119063e-02 4.906817756112171608e-02 4.949174246152210355e-02 4.993618187236372602e-02 5.040049707559338121e-02 5.088243561565143624e-02 5.137488007626686559e-02 5.186398810022007505e-02 5.233177851641380995e-02 5.276448492636771209e-02 5.316512573962480642e-02 5.356300208910495103e-02 5.400835298342036156e-02 5.454719997503822138e-02 5.519565320402294167e-02 5.594600785637653118e-02 5.680355091572041049e-02 6.238082616039097861e-02 8.371887953180183473e-02 1.217490632373581516e-01 1.762397145869994686e-01 2.462067894709084881e-01 3.307356163909804248e-01 4.206892875080658345e-01 5.093529859944978533e-01 5.893171661837660613e-01 6.429369656294111612e-01 6.663121571000708565e-01 6.668078130378580770e-01 6.513582607710406425e-01 6.223235493899208493e-01 5.790625737565867626e-01 5.368472197264699819e-01
4.766220588884996778e-01 4.749356963726983905e-01 4.691450794430558902e-01 4.627960101767992773e-01 4.575919756912398828e-01 4.544815189361512964e-01 4.531974413472256713e-01 4.538492177163186980e-01 4.558644784214677670e-01 4.576461598444798162e-01 4.582244314182117861e-01 4.575933945674320324e-01 4.564870079085458499e-01 4.558886519048698238e-01 4.567191252949613922e-01 4.595781901876511144e-01 4.644949332229335592e-01 4.708096499930905510e-01 4.772958632730907591e-01 4.851061474304537158e-01 4.978346416329783031e-01 5.153854973064843081e-01 5.374436567479187188e-01 5.680828516298153108e-01 6.077852337868842048e-01 6.558303663122873051e-01 7.106505505595183125e-01 7.633061772270527401e-01 7.933058497897613748e-01 7.982836910089015081e-01 7.810939422958519396e-01 7.477646503271520029e-01 7.107648400654207332e-01 6.895904702474979775e-01 6.882039473776463412e-01 7.061146841258684193e-01 7.336714502179741970e-01 7.525767416553690303e-01 7.481474604324130917e-01 7.147768254313681124e-01 6.514921906815247521e-01 5.582009132720117117e-01 4.570698332139684350e-01 3.659616850559280765e-01 2.885121137411619796e-01 2.254691866906696207e-01 1.788973834485114989e-01 1.496572560730743129e-01 1.353604488119556359e-01 1.311774490164031859e-01 1.306227497106182689e-01 1.303219227892555843e-01 1.302576373872093018e-01 1.303851797056321538e-01 1.306622982904842301e-01 1.310551960972030361e-01 1.315364927363682768e-01 1.320837312320467249e-01 1.326796535188386750e-01 1.333132388447623717e-01 1.339793447997212339e-01 1.346752612326850562e-01 1.353956899353493115e-01 1.361282096029546584e-01 1.368520807576813769e-01 1.375435770258966739e-01 1.381883745153866805e-01 1.387982210521696569e-01 1.394191580602150149e-01 1.401171292099680499e-01 1.409415733228946144e-01 1.419053242290144734e-01 1.430114606193769733e-01 1.442969451270638692e-01 1.458500189023170801e-01 1.525787535975828002e-01 1.718378035675657001e-01 2.050414415635759269e-01 2.535628478580865264e-01 3.133324676582484036e-01 3.787199633211563166e-01 4.547036099346425941e-01 5.388697181462760444e-01 6.149751500746387656e-01 6.667537065636134352e-01 6.968156929454637494e-01 7.110340856735153370e-01 7.116756939812397542e-01 7.007253255223884203e-01 6.833213743148381925e-01
6.457290908906867521e-01 6.400132299722148810e-01 6.349787302116028931e-01 6.305877804603919889e-01 6.278006009460317394e-01 6.259569987289296256e-01 6.243409228438305814e-01 6.248344304892863299e-01 6.266934702893702802e-01 6.283730436473742298e-01 6.289253898035942481e-01 6.283671567600223051e-01 6.273853263955292414e-01 6.268694086236448193e-01 6.276493270038483452e-01 6.302636808210183572e-01 6.347245306758677597e-01 6.404004089475234807e-01 6.461423278222079292e-01 6.506581052797838494e-01 6.531599301599848584e-01 6.577552343908076304e-01 6.662985499346049112e-01 6.818503625269702884e-01 7.051333458590931524e-01 7.379398570346389352e-01 7.786944639841681948e-01 8.196682212827963721e-01 8.501848885565115310e-01 8.650207750123550809e-01 8.609376669765387291e-01 8.416006623656788754e-01 8.202538567050570162e-01 8.076617941318463556e-01 8.051436773998339458e-01 8.098112838239016620e-01 8.152295575144234974e-01 8.090930170940068278e-01 7.783707807691946368e-01 7.205476861143106371e-01 6.418398326532280818e-01 5.512991339194298623e-01 4.649807801398123108e-01 3.921233507877006641e-01 3.354246953778217688e-01 2.927280361125616515e-01 2.662954056060222174e-01 2.550409184485750158e-01 2.514652629185553101e-01 2.505256280391651158e-01 2.498217384993386136e-01 2.494233229781629424e-01 2.493239730324957881e-01 2.494758352233255039e-01 2.498256670461863060e-01 2.503283842297034933e-01 2.509476596736404108e-01 2.516545008842197007e-01 2.524269433327803180e-01 2.532504526849480020e-01 2.541170748317239103e-01 2.550215209342391876e-01 2.559553567816845177e-01 2.569021257047431894e-01 2.578368393441493600e-01 2.587329559127125589e-01 2.595773562508255639e-01 2.603879207044064170e-01 2.612191967297011752e-01 2.621435764211273445e-01 2.632176369144839656e-01 2.644701366967378009e-01 2.659261793963538234e-01 2.676396173549779878e-01 2.696770886605371897e-01 2.719550184147137561e-01 2.778993176767938222e-01 2.924938382968909623e-01 3.201721638510153789e-01 3.558591628869316459e-01 3.970226194238358208e-01 4.535840363971613276e-01 5.240137676397459421e-01 5.997506580384055486e-01 6.674193068487281888e-01 7.217387373672015105e-01 7.608406281620229139e-01 7.822830163712031215e-01 7.947894715516333752e-01 7.996887818403324300e-01
7.831929023523463984e-01 7.759640444008716331e-01 7.715400786081149098e-01 7.692195686646505770e-01 7.688916699521888276e-01 7.677873219914379543e-01 7.659854074143145342e-01 7.667933861945491758e-01 7.687060451094465119e-01 7.702786675026611629e-01 7.706726383570062788e-01 7.700535036274722689e-01 7.690708999143649471e-01 7.684737820517886231e-01 7.689756948271251336e-01 7.710695910046984070e-01 7.748072993994735702e-01 7.796518373227551146e-01 7.845686464045428243e-01 7.883932837267334515e-01 7.902872436251239252e-01 7.901665185190577256e-01 7.894592937651402353e-01 7.937191569567835225e-01 8.049036646495340008e-01 8.235944935043870707e-01 8.482867205025264035e-01 8.770753721155223337e-01 9.031974842498463607e-01 9.198315183834616660e-01 9.223223474291553092e-01 9.134326324880859271e-01 9.016183094149590183e-01 8.944305123911314714e-01 8.905134606550075826e-01 8.860185268557876359e-01 8.776129555982379316e-01 8.530639713352951015e-01 8.055095571083800143e-01 7.389230325641474861e-01 6.617079650820482106e-01 5.836987770037281864e-01 5.151950896385104617e-01 4.614994768272241976e-01 4.237918607818305650e-01 4.000948539544540994e-01 3.910913505692800718e-01 3.889293431508005772e-01 3.877169569573957753e-01 3.866321888894795888e-01 3.858223868531432399e-01 3.853624726356622565e-01 3.852470290005480802e-01 3.854235611125039207e-01 3.858311814146068719e-01 3.864168286298529376e-01 3.871377540540877349e-01 3.879602973881832173e-01 3.888591093071499527e-01 3.898172170556155613e-01 3.908250464322999829e-01 3.918763032404364299e-01 3.929615746640999774e-01 3.940626988232741601e-01 3.951517170163226789e-01 3.961980379056416757e-01 3.971851166798243127e-01 3.981306461732224689e-01 3.990941119518309210e-01 4.001579812637314215e-01 4.013936825960649490e-01 4.028488832005349685e-01 4.045621370478673096e-01 4.065837799214805925e-01 4.089525512963027576e-01 4.115378393090869391e-01 4.138780447771865378e-01 4.172161029065823423e-01 4.253690421710658587e-01 4.398378252985183368e-01 4.612950208406573771e-01 4.962516809335344448e-01 5.468421130077163461e-01 6.105855344361417192e-01 6.821263620629475222e-01 7.530358327990575029e-01 8.030171288356435788e-01 8.375994350083147966e-01 8.627050852213625776e-01 8.825141147700000799e-01
8.866181214855374249e-01 8.799592266081900371e-01 8.768044144289256492e-01 8.757865617206671560e-01 8.763360388529150002e-01 8.747553013073784411e-01 8.738595070583802249e-01 8.749493660005462914e-01 8.766655198182089492e-01 8.778480300219262400e-01 8.780322467922319074e-01 8.774383775199794400e-01 8.765614809248872819e-01 8.759633083902963469e-01 8.761904280658049382e-01 8.776538708450660753e-01 8.804558590988852407e-01 8.842345726091549452e-01 8.881788883601328122e-01 8.912942913351352692e-01 8.928076880389408387e-01 8.925417670305624274e-01 8.913185363070104117e-01 8.916055000066100966e-01 8.953422580605536751e-01 9.030645323898278676e-01 9.164439479844922465e-01 9.335927113975699410e-01 9.502211243041732702e-01 9.618080947273686121e-01 9.668926333792782213e-01 9.646125145997993533e-01 9.587439984993461062e-01 9.546431279760032584e-01 9.509745875926863823e-01 9.408916312297941342e-01 9.223070290704747931e-01 8.894511987028465017e-01 8.397662204404843234e-01 7.761371257195786022e-01 7.102813866154733535e-01 6.498191225724722075e-01 5.992846677097483088e-01 5.635553129812495010e-01 5.441923073721819382e-01 5.370433686568315546e-01 5.358837544827391719e-01 5.347767600949827616e-01 5.335947793218926982e-01 5.325234218336559744e-01 5.317208291015321775e-01 5.312665455127755232e-01 5.311532641574669977e-01 5.313264213213185760e-01 5.317253085356909992e-01 5.322985195583747053e-01 5.330046332982247836e-01 5.338105917704443204e-01 5.346913504562624819e-01 5.356303369349467713e-01 5.366184817274565200e-01 5.376497543640870180e-01 5.387145379413910140e-01 5.397940681430176690e-01 5.408598526009510410e-01 5.418816276887514771e-01 5.428444346038768797e-01 5.437686609739501575e-01 5.447165032023353337e-01 5.457705045911063202e-01 5.469951757581913432e-01 5.484233075260883661e-01 5.500835221686707355e-01 5.520372155894528454e-01 5.543603215127936856e-01 5.569558859770769033e-01 5.593200779813483070e-01 5.607175371462329583e-01 5.586166433596048142e-01 5.551544934670680220e-01 5.579955712025047587e-01 5.743155070887369096e-01 6.052323377939672344e-01 6.477996361021338689e-01 7.107664186987812105e-01 7.840461186666072280e-01 8.391799953436289705e-01 8.803079410041588782e-01 9.136909072801608911e-01 9.433313173163626608e-01
9.578777797390303217e-01 9.535710984203566998e-01 9.521230810482350648e-01 9.513929181992852868e-01 9.507936144048250160e-01 9.493642072645637198e-01 9.496154074946367984e-01 9.509526414052239529e-01 9.522863379702204423e-01 9.529547518779022397e-01 9.529132649144123057e-01 9.523882598741020278e-01 9.516780182295403456e-01 9.511172075165474915e-01 9.510482275310223610e-01 9.517702826784902870e-01 9.534316524716724972e-01 9.558893193055001403e-01 9.586356839586320788e-01 9.609093114625223420e-01 9.620053478759366117e-01 9.616295123509519538e-01 9.601388424189329918e-01 9.587618499392327465e-01 9.599904857345861187e-01 9.645324943356727854e-01 9.714003770925573322e-01 9.792380950431812670e-01 9.869813674987696350e-01 9.932445443457620371e-01 9.958560357476369251e-01 9.947235604120835406e-01 9.926597320669842128e-01 9.914080466890426990e-01 9.866149786186687587e-01 9.743964762559825799e-01 9.515131837698781458e-01 9.174404311289692249e-01 8.713081217595756156e-01 8.195200917383977934e-01 7.698415259166833113e-01 7.257693798755181502e-01 6.928986243543239221e-01 6.758538262578572819e-01 6.717393829070864575e-01 6.713729685431170102e-01 6.705709391633588590e-01 6.695432895870417900e-01 6.684268125315121489e-01 6.674165095248488777e-01 6.666753505266984625e-01 6.662733802641633840e-01 6.661874809701950895e-01 6.663579052776478218e-01 6.667281960445640143e-01 6.672531930607196182e-01 6.678963101642619860e-01 6.686275399457395352e-01 6.694238218721392242e-01 6.702704298192317944e-01 6.711604924074433542e-01 6.720903882848839883e-01 6.730530378916310674e-01 6.740318436599561647e-01 6.749990931317557674e-01 6.759230827056786906e-01 6.767846725424494503e-01 6.775995602938412743e-01 6.784292673206877566e-01 6.793619086991607992e-01 6.804635453535550216e-01 6.817513256400329347e-01 6.832293614590769781e-01 6.849470334267381277e-01 6.870213777971445612e-01 6.894789992734845496e-01 6.918649993472477666e-01 6.933151843528827518e-01 6.909863158979899778e-01 6.796955184807108585e-01 6.654195204743995617e-01 6.648423189690940704e-01 6.789988236612271022e-01 7.092460185891351632e-01 7.562083448853135215e-01 8.145891394584772183e-01 8.690341048662721946e-01 9.135147018705430666e-01 9.519135419093927020e-01 9.820071974945547844e-01
9.927637910878415184e-01 9.923575371097990150e-01 9.929380280095514433e-01 9.917797830629315747e-01 9.911268325722681904e-01 9.911220777662957948e-01 9.915941528850440445e-01 9.920791509848490008e-01 9.923705803588306340e-01 9.924690230042965133e-01 9.924143221136731974e-01 9.922557811715806420e-01 9.920492312957499559e-01 9.918644192574497254e-01 9.917814775188260601e-01 9.918755225806196174e-01 9.922025063296973091e-01 9.927730644413012007e-01 9.935059221719879652e-01 9.941943595465380090e-01 9.945600878102694997e-01 9.944182182828412708e-01 9.938410284224117319e-01 9.931508204196942691e-01 9.927810516540129804e-01 9.933179268323431010e-01 9.956703395888351071e-01 9.983139783315747584e-01 9.999220478481752883e-01 1.000000000000000000e+00 1.000000000000000000e+00 1.000000000000000000e+00 9.999889825522464415e-01 9.997764749798722095e-01 9.974159127848983841e-01 9.877044107625322367e-01 9.685750462752117373e-01 9.393788446106351442e-01 9.037533952188578912e-01 8.669273537379683647e-01 8.317503309785000409e-01 8.044850443090906245e-01 7.900686207603296873e-01 7.879583896408136612e-01 7.888777874201898799e-01 7.884484080433833419e-01 7.877373190314225226e-01 7.867943775094842218e-01 7.857821909440151353e-01 7.848940303970719512e-01 7.842675612105695082e-01 7.839420327535592259e-01 7.838841687700037753e-01 7.840405833440512451e-01 7.843644605490047717e-01 7.848183554947070206e-01 7.853711524763099527e-01 7.859967777739474970e-01 7.866752868552712163e-01 7.873944279474247576e-01 7.881490104045202338e-01 7.889373385732915134e-01 7.897555881676100453e-01 7.905916750262604875e-01 7.914220971831317231e-01 7.922163256706645784e-01 7.929509874873980069e-01 7.936312073774969278e-01 7.943067336715432525e-01 7.950628636344179156e-01 7.959777339489748638e-01 7.970786965667799873e-01 7.983526686835465958e-01 7.998082402290617177e-01 8.015271625129338773e-01 8.035873024612172344e-01 8.057504503426790032e-01 8.072930575814476484e-01 8.072936702513766605e-01 7.970378178350734366e-01 7.765448687949446649e-01 7.606647550061335084e-01 7.585836856527981009e-01 7.738705596503270279e-01 8.066356714883743395e-01 8.495961066367964110e-01 8.948816203898660726e-01 9.380059781840491828e-01 9.776118123965414908e-01 9.997450095409936566e-01
